1

1

0


 BEGIN Curve Data ------*
// Curve Type: 1 = Bezier, 2 = B-Spline, 3 = NURBS, 4 = Rational Bezier
3
// Number of Points, Number of Knots, Curve Degree
27 31  3
// Begin Control Points (x, y, z, w, infinite point flag)
-2.318 1.857 0.000 1.000 0
-11.590 13.286 0.000 1.000 0
0.000 22.429 0.000 1.000 0
11.011 13.000 0.000 1.000 0
1.449 1.857 0.000 1.000 0
2.608 -0.143 0.000 1.000 0
2.608 -0.143 0.000 1.000 0
14.488 10.714 0.000 1.000 0
23.180 3.000 0.000 1.000 0
18.544 -7.286 0.000 1.000 0
3.187 -2.714 0.000 1.000 0
1.739 -4.429 0.000 1.000 0
17.095 -9.857 0.000 1.000 0
11.590 -19.571 0.000 1.000 0
1.449 -19.571 0.000 1.000 0
0.580 -5.571 0.000 1.000 0
-0.869 -5.571 0.000 1.000 0
-1.739 -19.286 0.000 1.000 0
-11.590 -19.286 0.000 1.000 0
-18.544 -9.571 0.000 1.000 0
-2.898 -4.714 0.000 1.000 0
-3.477 -3.571 0.000 1.000 0
-19.124 -7.571 0.000 1.000 0
-25.788 2.429 0.000 1.000 0
-14.488 11.000 0.000 1.000 0
-4.346 0.429 0.000 1.000 0
-2.318 1.857 0.000 1.000 0
// End Control Points
// Begin Knot Vector
0.000
0.000
0.000
0.000
0.042
0.083
0.125
0.167
0.208
0.250
0.292
0.333
0.375
0.417
0.458
0.500
0.542
0.583
0.625
0.667
0.708
0.750
0.792
0.833
0.875
0.917
0.958
1.000
1.000
1.000
1.000
// End Knot Vector
// *------ END Curve Data ------*
// End of file (-1)
-1