1

1

0


 BEGIN Curve Data ------*
// Curve Type: 1 = Bezier, 2 = B-Spline, 3 = NURBS, 4 = Rational Bezier
3
// Number of Points, Number of Knots, Curve Degree
25 29  3
// Begin Control Points (x, y, z, w, infinite point flag)
-0.869 0.714 0.000 1.000 0
-29.845 9.857 0.000 1.000 0
-40.276 29.571 0.000 1.000 0
-30.134 39.857 0.000 1.000 0
-10.141 29.857 0.000 1.000 0
-0.580 1.857 0.000 1.000 0
0.000 1.857 0.000 1.000 0
9.852 29.857 0.000 1.000 0
29.845 39.857 0.000 1.000 0
40.276 29.857 0.000 1.000 0
30.134 9.857 0.000 1.000 0
0.290 0.714 0.000 1.000 0
0.869 -0.429 0.000 1.000 0
30.134 -10.143 0.000 1.000 0
39.986 -30.143 0.000 1.000 0
30.134 -40.429 0.000 1.000 0
9.562 -30.143 0.000 1.000 0
0.290 -0.429 0.000 1.000 0
-0.869 -0.143 0.000 1.000 0
-10.141 -30.143 0.000 1.000 0
-29.845 -40.143 0.000 1.000 0
-40.276 -30.143 0.000 1.000 0
-30.134 -9.857 0.000 1.000 0
-1.159 -0.429 0.000 1.000 0
-0.869 0.714 0.000 1.000 0
// End Control Points
// Begin Knot Vector
0.000
0.000
0.000
0.000
0.045
0.091
0.136
0.182
0.227
0.273
0.318
0.364
0.409
0.455
0.500
0.545
0.591
0.636
0.682
0.727
0.773
0.818
0.864
0.909
0.955
1.000
1.000
1.000
1.000
// End Knot Vector
// *------ END Curve Data ------*
// End of file (-1)
-1